15233520922,14200051641
15233520922,14199857279
15233520922,14199632110
15233520922,14200044294
15233520922,14200109631
15233520922,14200112512
15233520922,14200131418
15233520922,14200100824
15233520922,14200119917
15233520922,14199875987
15233520922,14200081165
15233520922,14200084854
15233520922,14200087186
15233520922,14200133253
15233520922,14200050644
15233520922,14199991441
15233520922,14200051478
15233520922,14200181885
15233520922,14200235180
15233520922,14200336332
15233520922,14200097932
